
 **** DERIVATIVE DATABASE ****    
+DDB, Version number    100401

  Note : temporary (transfer) database

    usepaw         0
     natom         2
      nkpt       128
    nsppol         1
      nsym         1
    ntypat         2
    occopt         1
     nband         5
     acell  0.11448527830861D+02  0.11448527830861D+02  0.11807575796109D+02
       amu  0.11482000000000D+03  0.74921590000000D+02
   dilatmx  0.10000000000000D+01
      ecut  0.40000000000000D+01
    ecutsm  0.00000000000000D+00
     intxc         0
      iscf         7
       ixc         1
       kpt -0.12500000000000D+00 -0.25000000000000D+00  0.00000000000000D+00
           -0.25000000000000D+00 -0.12500000000000D+00  0.00000000000000D+00
           -0.12500000000000D+00 -0.12500000000000D+00  0.12500000000000D+00
           -0.12500000000000D+00  0.50000000000000D+00  0.00000000000000D+00
           -0.25000000000000D+00 -0.37500000000000D+00  0.00000000000000D+00
           -0.12500000000000D+00 -0.37500000000000D+00  0.12500000000000D+00
           -0.37500000000000D+00 -0.25000000000000D+00  0.00000000000000D+00
           -0.25000000000000D+00 -0.25000000000000D+00  0.12500000000000D+00
           -0.12500000000000D+00 -0.25000000000000D+00  0.25000000000000D+00
            0.50000000000000D+00 -0.12500000000000D+00  0.00000000000000D+00
           -0.37500000000000D+00 -0.12500000000000D+00  0.12500000000000D+00
           -0.25000000000000D+00 -0.12500000000000D+00  0.25000000000000D+00
           -0.12500000000000D+00 -0.12500000000000D+00  0.37500000000000D+00
           -0.12500000000000D+00  0.25000000000000D+00  0.00000000000000D+00
           -0.25000000000000D+00  0.37500000000000D+00  0.00000000000000D+00
           -0.12500000000000D+00  0.37500000000000D+00  0.12500000000000D+00
           -0.37500000000000D+00  0.50000000000000D+00  0.00000000000000D+00
           -0.25000000000000D+00  0.50000000000000D+00  0.12500000000000D+00
           -0.12500000000000D+00  0.50000000000000D+00  0.25000000000000D+00
            0.50000000000000D+00 -0.37500000000000D+00  0.00000000000000D+00
           -0.37500000000000D+00 -0.37500000000000D+00  0.12500000000000D+00
           -0.25000000000000D+00 -0.37500000000000D+00  0.25000000000000D+00
           -0.12500000000000D+00 -0.37500000000000D+00  0.37500000000000D+00
            0.37500000000000D+00 -0.25000000000000D+00  0.00000000000000D+00
            0.50000000000000D+00 -0.25000000000000D+00  0.12500000000000D+00
           -0.37500000000000D+00 -0.25000000000000D+00  0.25000000000000D+00
           -0.25000000000000D+00 -0.25000000000000D+00  0.37500000000000D+00
           -0.12500000000000D+00 -0.25000000000000D+00  0.50000000000000D+00
            0.25000000000000D+00 -0.12500000000000D+00  0.00000000000000D+00
            0.37500000000000D+00 -0.12500000000000D+00  0.12500000000000D+00
            0.50000000000000D+00 -0.12500000000000D+00  0.25000000000000D+00
           -0.37500000000000D+00 -0.12500000000000D+00  0.37500000000000D+00
           -0.25000000000000D+00 -0.12500000000000D+00  0.50000000000000D+00
           -0.12500000000000D+00 -0.12500000000000D+00 -0.37500000000000D+00
           -0.12500000000000D+00  0.00000000000000D+00  0.00000000000000D+00
           -0.12500000000000D+00  0.12500000000000D+00  0.12500000000000D+00
           -0.25000000000000D+00  0.25000000000000D+00  0.12500000000000D+00
           -0.12500000000000D+00  0.25000000000000D+00  0.25000000000000D+00
           -0.37500000000000D+00  0.37500000000000D+00  0.12500000000000D+00
           -0.25000000000000D+00  0.37500000000000D+00  0.25000000000000D+00
           -0.12500000000000D+00  0.37500000000000D+00  0.37500000000000D+00
            0.50000000000000D+00  0.50000000000000D+00  0.12500000000000D+00
           -0.37500000000000D+00  0.50000000000000D+00  0.25000000000000D+00
           -0.25000000000000D+00  0.50000000000000D+00  0.37500000000000D+00
           -0.12500000000000D+00  0.50000000000000D+00  0.50000000000000D+00
            0.37500000000000D+00 -0.37500000000000D+00  0.12500000000000D+00
            0.50000000000000D+00 -0.37500000000000D+00  0.25000000000000D+00
           -0.37500000000000D+00 -0.37500000000000D+00  0.37500000000000D+00
           -0.25000000000000D+00 -0.37500000000000D+00  0.50000000000000D+00
           -0.12500000000000D+00 -0.37500000000000D+00 -0.37500000000000D+00
            0.25000000000000D+00 -0.25000000000000D+00  0.12500000000000D+00
            0.37500000000000D+00 -0.25000000000000D+00  0.25000000000000D+00
            0.50000000000000D+00 -0.25000000000000D+00  0.37500000000000D+00
           -0.37500000000000D+00 -0.25000000000000D+00  0.50000000000000D+00
           -0.25000000000000D+00 -0.25000000000000D+00 -0.37500000000000D+00
           -0.12500000000000D+00 -0.25000000000000D+00 -0.25000000000000D+00
            0.00000000000000D+00 -0.12500000000000D+00  0.00000000000000D+00
            0.12500000000000D+00 -0.12500000000000D+00  0.12500000000000D+00
            0.25000000000000D+00 -0.12500000000000D+00  0.25000000000000D+00
            0.37500000000000D+00 -0.12500000000000D+00  0.37500000000000D+00
            0.50000000000000D+00 -0.12500000000000D+00  0.50000000000000D+00
           -0.37500000000000D+00 -0.12500000000000D+00 -0.37500000000000D+00
           -0.25000000000000D+00 -0.12500000000000D+00 -0.25000000000000D+00
           -0.12500000000000D+00 -0.12500000000000D+00 -0.12500000000000D+00
           -0.37500000000000D+00  0.00000000000000D+00  0.00000000000000D+00
           -0.25000000000000D+00  0.00000000000000D+00  0.12500000000000D+00
           -0.12500000000000D+00  0.00000000000000D+00  0.25000000000000D+00
           -0.37500000000000D+00  0.12500000000000D+00  0.12500000000000D+00
           -0.25000000000000D+00  0.12500000000000D+00  0.25000000000000D+00
           -0.12500000000000D+00  0.12500000000000D+00  0.37500000000000D+00
            0.50000000000000D+00  0.25000000000000D+00  0.12500000000000D+00
           -0.37500000000000D+00  0.25000000000000D+00  0.25000000000000D+00
           -0.25000000000000D+00  0.25000000000000D+00  0.37500000000000D+00
           -0.12500000000000D+00  0.25000000000000D+00  0.50000000000000D+00
            0.37500000000000D+00  0.37500000000000D+00  0.12500000000000D+00
            0.50000000000000D+00  0.37500000000000D+00  0.25000000000000D+00
           -0.37500000000000D+00  0.37500000000000D+00  0.37500000000000D+00
           -0.25000000000000D+00  0.37500000000000D+00  0.50000000000000D+00
           -0.12500000000000D+00  0.37500000000000D+00 -0.37500000000000D+00
            0.25000000000000D+00  0.50000000000000D+00  0.12500000000000D+00
            0.37500000000000D+00  0.50000000000000D+00  0.25000000000000D+00
            0.50000000000000D+00  0.50000000000000D+00  0.37500000000000D+00
           -0.37500000000000D+00  0.50000000000000D+00  0.50000000000000D+00
           -0.25000000000000D+00  0.50000000000000D+00 -0.37500000000000D+00
           -0.12500000000000D+00  0.50000000000000D+00 -0.25000000000000D+00
            0.00000000000000D+00 -0.37500000000000D+00  0.00000000000000D+00
            0.12500000000000D+00 -0.37500000000000D+00  0.12500000000000D+00
            0.25000000000000D+00 -0.37500000000000D+00  0.25000000000000D+00
            0.37500000000000D+00 -0.37500000000000D+00  0.37500000000000D+00
            0.50000000000000D+00 -0.37500000000000D+00  0.50000000000000D+00
           -0.37500000000000D+00 -0.37500000000000D+00 -0.37500000000000D+00
           -0.25000000000000D+00 -0.37500000000000D+00 -0.25000000000000D+00
           -0.12500000000000D+00 -0.37500000000000D+00 -0.12500000000000D+00
            0.00000000000000D+00 -0.25000000000000D+00  0.12500000000000D+00
            0.12500000000000D+00 -0.25000000000000D+00  0.25000000000000D+00
            0.25000000000000D+00 -0.25000000000000D+00  0.37500000000000D+00
            0.37500000000000D+00 -0.25000000000000D+00  0.50000000000000D+00
            0.50000000000000D+00 -0.25000000000000D+00 -0.37500000000000D+00
           -0.37500000000000D+00 -0.25000000000000D+00 -0.25000000000000D+00
           -0.25000000000000D+00 -0.25000000000000D+00 -0.12500000000000D+00
            0.00000000000000D+00 -0.12500000000000D+00  0.25000000000000D+00
            0.12500000000000D+00 -0.12500000000000D+00  0.37500000000000D+00
            0.25000000000000D+00 -0.12500000000000D+00  0.50000000000000D+00
            0.37500000000000D+00 -0.12500000000000D+00 -0.37500000000000D+00
            0.50000000000000D+00 -0.12500000000000D+00 -0.25000000000000D+00
           -0.37500000000000D+00 -0.12500000000000D+00 -0.12500000000000D+00
            0.50000000000000D+00  0.00000000000000D+00  0.12500000000000D+00
           -0.37500000000000D+00  0.00000000000000D+00  0.25000000000000D+00
           -0.25000000000000D+00  0.00000000000000D+00  0.37500000000000D+00
           -0.12500000000000D+00  0.00000000000000D+00  0.50000000000000D+00
            0.00000000000000D+00  0.50000000000000D+00  0.12500000000000D+00
            0.00000000000000D+00 -0.37500000000000D+00  0.25000000000000D+00
            0.00000000000000D+00 -0.25000000000000D+00  0.37500000000000D+00
            0.00000000000000D+00 -0.12500000000000D+00  0.50000000000000D+00
            0.25000000000000D+00  0.00000000000000D+00  0.12500000000000D+00
            0.37500000000000D+00  0.00000000000000D+00  0.25000000000000D+00
            0.50000000000000D+00  0.00000000000000D+00  0.37500000000000D+00
           -0.37500000000000D+00  0.00000000000000D+00  0.50000000000000D+00
           -0.25000000000000D+00  0.00000000000000D+00 -0.37500000000000D+00
           -0.12500000000000D+00  0.00000000000000D+00 -0.25000000000000D+00
            0.00000000000000D+00  0.25000000000000D+00  0.12500000000000D+00
            0.00000000000000D+00  0.37500000000000D+00  0.25000000000000D+00
            0.00000000000000D+00  0.50000000000000D+00  0.37500000000000D+00
            0.00000000000000D+00 -0.37500000000000D+00  0.50000000000000D+00
            0.00000000000000D+00 -0.25000000000000D+00 -0.37500000000000D+00
            0.00000000000000D+00 -0.12500000000000D+00 -0.25000000000000D+00
            0.00000000000000D+00  0.00000000000000D+00  0.12500000000000D+00
            0.00000000000000D+00  0.00000000000000D+00  0.37500000000000D+00
    kptnrm  0.10000000000000D+01
     ngfft        16   16   16
    nspden         1
   nspinor         1
       occ  0.20000000000000D+01  0.20000000000000D+01  0.20000000000000D+01
            0.20000000000000D+01  0.00000000000000D+00
     rprim  0.00000000000000D+00  0.50000000000000D+00  0.50000000000000D+00
            0.50000000000000D+00  0.00000000000000D+00  0.50000000000000D+00
            0.50000000000000D+00  0.50000000000000D+00  0.00000000000000D+00
  dfpt_sciss  0.00000000000000D+00
    spinat  0.00000000000000D+00  0.00000000000000D+00  0.00000000000000D+00
            0.00000000000000D+00  0.00000000000000D+00  0.00000000000000D+00
    symafm         1
    symrel         1    0    0    0    1    0    0    0    1
     tnons  0.00000000000000D+00  0.00000000000000D+00  0.00000000000000D+00
    tolwfr  0.10000000000000D+01
   tphysel  0.00000000000000D+00
    tsmear  0.10000000000000D-01
     typat         1    2
       wtk  0.78125000000000D-02  0.78125000000000D-02  0.78125000000000D-02
            0.78125000000000D-02  0.78125000000000D-02  0.78125000000000D-02
            0.78125000000000D-02  0.78125000000000D-02  0.78125000000000D-02
            0.78125000000000D-02  0.78125000000000D-02  0.78125000000000D-02
            0.78125000000000D-02  0.78125000000000D-02  0.78125000000000D-02
            0.78125000000000D-02  0.78125000000000D-02  0.78125000000000D-02
            0.78125000000000D-02  0.78125000000000D-02  0.78125000000000D-02
            0.78125000000000D-02  0.78125000000000D-02  0.78125000000000D-02
            0.78125000000000D-02  0.78125000000000D-02  0.78125000000000D-02
            0.78125000000000D-02  0.78125000000000D-02  0.78125000000000D-02
            0.78125000000000D-02  0.78125000000000D-02  0.78125000000000D-02
            0.78125000000000D-02  0.78125000000000D-02  0.78125000000000D-02
            0.78125000000000D-02  0.78125000000000D-02  0.78125000000000D-02
            0.78125000000000D-02  0.78125000000000D-02  0.78125000000000D-02
            0.78125000000000D-02  0.78125000000000D-02  0.78125000000000D-02
            0.78125000000000D-02  0.78125000000000D-02  0.78125000000000D-02
            0.78125000000000D-02  0.78125000000000D-02  0.78125000000000D-02
            0.78125000000000D-02  0.78125000000000D-02  0.78125000000000D-02
            0.78125000000000D-02  0.78125000000000D-02  0.78125000000000D-02
            0.78125000000000D-02  0.78125000000000D-02  0.78125000000000D-02
            0.78125000000000D-02  0.78125000000000D-02  0.78125000000000D-02
            0.78125000000000D-02  0.78125000000000D-02  0.78125000000000D-02
            0.78125000000000D-02  0.78125000000000D-02  0.78125000000000D-02
            0.78125000000000D-02  0.78125000000000D-02  0.78125000000000D-02
            0.78125000000000D-02  0.78125000000000D-02  0.78125000000000D-02
            0.78125000000000D-02  0.78125000000000D-02  0.78125000000000D-02
            0.78125000000000D-02  0.78125000000000D-02  0.78125000000000D-02
            0.78125000000000D-02  0.78125000000000D-02  0.78125000000000D-02
            0.78125000000000D-02  0.78125000000000D-02  0.78125000000000D-02
            0.78125000000000D-02  0.78125000000000D-02  0.78125000000000D-02
            0.78125000000000D-02  0.78125000000000D-02  0.78125000000000D-02
            0.78125000000000D-02  0.78125000000000D-02  0.78125000000000D-02
            0.78125000000000D-02  0.78125000000000D-02  0.78125000000000D-02
            0.78125000000000D-02  0.78125000000000D-02  0.78125000000000D-02
            0.78125000000000D-02  0.78125000000000D-02  0.78125000000000D-02
            0.78125000000000D-02  0.78125000000000D-02  0.78125000000000D-02
            0.78125000000000D-02  0.78125000000000D-02  0.78125000000000D-02
            0.78125000000000D-02  0.78125000000000D-02  0.78125000000000D-02
            0.78125000000000D-02  0.78125000000000D-02  0.78125000000000D-02
            0.78125000000000D-02  0.78125000000000D-02  0.78125000000000D-02
            0.78125000000000D-02  0.78125000000000D-02  0.78125000000000D-02
            0.78125000000000D-02  0.78125000000000D-02  0.78125000000000D-02
            0.78125000000000D-02  0.78125000000000D-02
      xred  0.00000000000000D+00  0.00000000000000D+00  0.00000000000000D+00
            0.25000000000000D+00  0.25000000000000D+00  0.25000000000000D+00
     znucl  0.49000000000000D+02  0.33000000000000D+02
      zion  0.30000000000000D+01  0.50000000000000D+01
 
 No information on the potentials yet 
 
 **** Database of total energy derivatives ****
 Number of data blocks=    2
  
 Total energy                 - # elements :       1
 -0.10595740173573D+02  0.00000000000000D+00
  
 1st derivatives              - # elements :      12
   1   1 -0.38198004448446D-02  0.00000000000000D+00
   2   1 -0.38130360858457D-02  0.00000000000000D+00
   3   1  0.30724781731546D-02  0.00000000000000D+00
   1   2  0.38206523757555D-02  0.00000000000000D+00
   2   2  0.38133377467203D-02  0.00000000000000D+00
   3   2 -0.30699632417821D-02  0.00000000000000D+00
   1   5  0.43677711565293D-03  0.00000000000000D+00
   2   5  0.43677784165882D-03  0.00000000000000D+00
   3   5  0.41287022762440D-03  0.00000000000000D+00
   1   6 -0.16970190494438D-04  0.00000000000000D+00
   2   6 -0.16966795759090D-04  0.00000000000000D+00
   3   6  0.36014143980928D-04  0.00000000000000D+00
